1.067667355917566567e+02 8.535533905932737980e+04
1.377178044408973392e+02 9.449747468305833172e+04
9.498244792834766770e+01 1.003185424949238077e+05
7.732045822802002988e+01 9.678300858899106970e+04
8.056718417125162546e+01 9.376524163602470071e+04
8.504529514233971099e+01 1.008363094478901767e+05
7.117670509038113380e+01 9.781854249492380768e+04
6.948767753101731159e+01 9.428300858899106970e+04
7.817744133727458689e+01 9.781854249492380768e+04
6.978877646256947287e+01 9.656854249492380768e+04
7.414561705546599057e+01 9.635407640085654566e+04
7.322934909044984408e+01 9.583630944789017667e+04
7.461244969280497230e+01 9.885407640085654566e+04
6.877872364952429507e+01 9.760407640085654566e+04
6.561880131251548676e+01 9.312184335382291465e+04
7.047628102090558855e+01 9.540737725975565263e+04
6.519714365762204977e+01 9.437184335382291465e+04
6.776571181588302295e+01 9.562184335382291465e+04
6.575182853686726503e+01 9.687184335382291465e+04
5.928065992789726835e+01 9.083630944789017667e+04
6.643525218612512617e+01 9.010407640085654566e+04
2.980223310680116811e+02 1.092830085889910697e+05
7.989001845446128414e+01 1.076040764008565457e+05
3.954725317432518636e+02 1.166941738241592248e+05
1.551129167520290366e+02 1.106218433538229147e+05
6.954048118205057563e+02 1.161764068711928558e+05
1.093687799317807077e+02 1.097119407771255937e+05
7.914846857039370320e+01 1.025152416360247007e+05
7.813804306260925614e+01 1.002297077300919627e+05
7.852852539098215345e+01 9.803300858899106970e+04
7.392932587540377654e+01 9.583630944789017667e+04
8.092479715918156558e+01 9.656854249492380768e+04
7.430663896694233017e+01 1.003185424949238077e+05
6.704252241483601438e+01 9.906854249492380768e+04
6.739979266457187634e+01 9.906854249492380768e+04
6.920830160144294041e+01 9.937184335382291465e+04
6.483990345019277868e+01 9.885407640085654566e+04
6.346132642119362544e+01 9.708630944789017667e+04
6.117682264690648708e+01 9.208630944789017667e+04
7.279237551898172853e+01 9.406854249492380768e+04
6.863253040261102456e+01 9.635407640085654566e+04
2.935949003442989920e+02 1.057474746830583317e+05
8.090496051436217329e+01 1.030330085889910697e+05
4.108984673878015883e+02 1.154441738241592248e+05
1.825543814455534744e+02 1.161396103067892836e+05
1.161285169478550188e+02 1.057474746830583317e+05
7.065492697026179769e+01 9.824747468305833172e+04
8.152077147319079131e+01 1.008363094478901767e+05
6.857305647539422466e+01 9.958630944789017667e+04
6.711764352291702096e+01 9.583630944789017667e+04
7.003087234488637591e+01 9.333630944789017667e+04
