1.289894307225877057e+00 -1.977056274847714068e+00 -1.819999999999999396e+00
8.896258502417034864e-01 -1.938536431249679559e+00 -1.953678474114441510e+00
7.241998905321017643e-01 -1.964150429449552870e+00 -1.981588032220943374e+00
7.546094176684009502e-01 -1.980584412271570116e+00 -1.971394517282479164e+00
7.965523594120823558e-01 -1.934209229614208603e+00 -1.961859356376639330e+00
6.666561892698403824e-01 -1.957358941188764856e+00 -1.983419689119170659e+00
6.508363971782086255e-01 -1.978120125646252614e+00 -1.991516436903499443e+00
7.322265769761960863e-01 -1.957358941188763968e+00 -1.990877993158494785e+00
6.536565539422354298e-01 -1.965483399593903613e+00 -1.985247629083245258e+00
6.944636514782670522e-01 -1.966791116568837428e+00 -1.967320261437908613e+00
6.858816904401430214e-01 -1.969844148224613178e+00 -1.983140147523708485e+00
6.988361054523588578e-01 -1.949978707897518593e+00 -1.987767584097859253e+00
6.441961840297627528e-01 -1.958813844421312567e+00 -1.979534883720930338e+00
6.145996779691917933e-01 -1.983441546018390511e+00 -1.968309859154929065e+00
6.600958681586494015e-01 -1.972261889578033500e+00 -1.981387478849407913e+00
6.106503425085130221e-01 -1.977682527940344936e+00 -1.988050784167288310e+00
6.347080992997518045e-01 -1.971065645486031137e+00 -1.992641648270787602e+00
6.158456393036324528e-01 -1.963590898655448669e+00 -1.987482614742697606e+00
5.552352949571145446e-01 -1.991753236814712391e+00 -1.986833443054641046e+00
6.222467308558838894e-01 -1.993809511662426814e+00 -1.990378006872852268e+00
2.791340668197985764e+00 -1.842830085889910485e+00 -1.062666666666666870e+00
7.482669392453495938e-01 -1.864112549695427834e+00 -1.951471347444502014e+00
3.704080016601967174e+00 -1.730391052434009147e+00 -7.119244391971659702e-01
1.452820636430558254e+00 -1.824749634685275179e+00 -1.595517065715741367e+00
6.513309674274589511e+00 -1.739226188957803565e+00 -3.755274261603371855e-01
1.024371301844176241e+00 -1.837144660940672303e+00 -1.884764542936288256e+00
7.413214249898324448e-01 -1.919165222413703908e+00 -1.932905067808707855e+00
7.318575643390019536e-01 -1.939264068711926914e+00 -1.960750853242321234e+00
7.355149050473099859e-01 -1.955878784786798885e+00 -1.955869373345101803e+00
6.924378221891780427e-01 -1.969844148224612734e+00 -1.955598455598456020e+00
7.579588971289076271e-01 -1.965483399593904057e+00 -1.940556088207095131e+00
6.959718170186283137e-01 -1.938536431249677783e+00 -1.978217821782178198e+00
6.279345532412465847e-01 -1.948376618407356098e+00 -1.991251093613298107e+00
6.312808225427821718e-01 -1.948376618407356542e+00 -1.993055555555556246e+00
6.482197026803770967e-01 -1.946067811865474617e+00 -1.968801313628899319e+00
6.073043545896236184e-01 -1.949978707897519481e+00 -1.990902198635329690e+00
5.943923083295374887e-01 -1.962222215136415926e+00 -1.987096774193548576e+00
5.729951590992530264e-01 -1.987562761231591590e+00 -1.989026063100137076e+00
6.817889028406516339e-01 -1.979158723275375120e+00 -1.969401947148817555e+00
6.428269069220288179e-01 -1.966791116568837428e+00 -1.980744544287547759e+00
2.749872408452348704e+00 -1.885845237791559992e+00 -1.039177906229929338e+00
7.577731028858838425e-01 -1.914213562373094479e+00 -1.970345963756177987e+00
3.848562617470591807e+00 -1.751469696196699566e+00 -6.812652068126525684e-01
1.709843243157546766e+00 -1.739848480983499091e+00 -1.553478712357217129e+00
1.087684439392199387e+00 -1.885845237791560436e+00 -1.740242261103634336e+00
6.617691041938813523e-01 -1.954373375215417319e+00 -1.966914805624483176e+00
7.635409195697552276e-01 -1.934209229614208603e+00 -1.940652818991098094e+00
6.422698614444541931e-01 -1.944404755831213638e+00 -1.994146341463414629e+00
6.286381535495696449e-01 -1.969844148224613178e+00 -1.974757281553397803e+00
6.559240755722176575e-01 -1.982514421272200789e+00 -1.976721629485935772e+00
